     0.270082  4.39792e+19  1.13471e+18      711.320      34.1745
     0.271839  4.41342e+19  1.08951e+18      712.201      25.8966
     0.274154  4.40987e+19  1.16561e+18      710.836      33.0151
     0.277479  4.41882e+19  1.20971e+18      702.935      38.3453
     0.281806  4.44488e+19  1.11742e+18      708.376      33.8834
     0.287105  4.42161e+19  1.21772e+18      703.095      27.1418
     0.293439  4.43656e+19  1.20645e+18      690.122      29.0198
     0.300790  4.46542e+19  1.19173e+18      682.908      28.6035
     0.309148  4.40427e+19  1.13924e+18      674.273      26.2101
     0.318562  4.48346e+19  1.26936e+18      666.489      28.2550
     0.329029  4.41683e+19  1.26501e+18      645.378      24.9255
     0.340516  4.40830e+19  1.38254e+18      640.755      28.2606
     0.353090  4.48373e+19  1.24390e+18      632.131      26.1449
     0.366747  4.44521e+19  1.31636e+18      622.167      22.9455
     0.381443  4.36455e+19  1.28743e+18      616.725      26.9846
     0.397272  4.48523e+19  1.45717e+18      605.827      26.2853
     0.414185  4.43207e+19  1.09230e+18      592.824      21.8550
     0.432164  4.42881e+19  1.43080e+18      580.271      26.5430
     0.451309  4.34776e+19  1.26899e+18      576.967      25.6089
     0.471536  4.33583e+19  1.27469e+18      560.147      25.6765
     0.492851  4.37048e+19  1.25727e+18      540.867      20.9834
     0.515309  4.32758e+19  1.24540e+18      522.156      21.4685
     0.538846  4.44701e+19  1.31004e+18      503.124      21.9579
     0.563475  4.42632e+19  1.31483e+18      477.289      22.2246
     0.589184  4.42985e+19  1.41493e+18      444.570      19.1462
     0.599305  4.39826e+19  1.30819e+18      435.867      16.6907
     0.615937  4.34468e+19  1.24914e+18      417.026      19.3697
     0.640083  4.17216e+19  1.21704e+18      393.973      17.0768
     0.660708  4.08006e+19  1.19093e+18      364.412      14.8209
     0.672495  3.99876e+19  1.14557e+18      344.537      16.1711
     0.681428  3.99372e+19  1.14566e+18      332.283      12.7262
     0.702171  3.94200e+19  1.06848e+18      322.315      16.6249
     0.702188  3.88943e+19  1.15809e+18      316.642      13.8456
     0.722933  3.80636e+19  1.30933e+18      308.764      15.9783
     0.732760  3.80598e+19  1.20445e+18      303.174      21.4916
     0.743614  3.74999e+19  1.19729e+18      291.243      17.0346
     0.764187  3.66636e+19  1.16061e+18      279.441      14.8466
     0.784594  3.64102e+19  1.13983e+18      269.215      13.5668
     0.796351  3.63513e+19  1.15623e+18      265.889      14.6661
     0.804792  3.60918e+19  1.25780e+18      257.934      16.6149
     0.829149  3.66737e+19  1.19113e+18      255.450      15.8265
     0.844381  3.66653e+19  1.16399e+18      237.072      14.1619
     0.863690  3.69471e+19  1.22143e+18      218.660      11.0842
     0.882622  3.69778e+19  1.08339e+18      208.837      11.4949
     0.896256  3.60093e+19  1.37655e+18      184.516      12.9679
     0.901133  3.62741e+19  1.22408e+18      190.017      12.9306
     0.919206  3.66302e+19  1.04429e+18      172.977      10.1722
     0.930299  3.63476e+19  1.40161e+18      179.156      10.3129
     0.936801  3.68798e+19  1.17812e+18      167.210      9.37054
     0.953887  3.52683e+19  1.08915e+18      146.145      7.94104
     0.964492  3.66189e+19  1.26494e+18      135.527      7.66423
     0.970458  3.68605e+19  1.17737e+18      127.293      5.91938
     0.986478  3.38541e+19  9.99977e+17      83.3642      3.59785
     0.998600  1.85764e+19  1.00552e+18      36.0550      3.83537
      1.00193  1.38078e+19  8.26198e+17      34.7584      3.03159
      1.01682  1.02369e+19  7.26651e+17      15.7341      1.62279
      1.03110  5.70734e+18  6.09904e+17      8.90607      1.26414
      1.03242  4.78693e+18  5.55153e+17      15.7219      3.00241
      1.04479  3.53799e+18  4.96032e+17      13.8088      3.29128
      1.05791  3.36655e+18  5.04816e+17      16.7070      4.43034
