  EFITD      11/04  /2008     1100305023  1000ms   0  33  33
 6.999999881e-01 1.399999976e+00 6.600000262e-01 4.000000060e-01 0.000000000e+00
 6.953125000e-01-7.935704663e-03-1.131857708e-01-3.128004447e-02-5.464979649e+00
-6.440308125e+05-1.131857708e-01 0.000000000e+00 6.953125000e-01 0.000000000e+00
-7.935704663e-03 0.000000000e+00-3.128004447e-02 0.000000000e+00 0.000000000e+00
-3.658142090e+00-3.653264284e+00-3.648711920e+00-3.644474506e+00-3.640541077e+00
-3.636900425e+00-3.633541584e+00-3.630453348e+00-3.627624035e+00-3.625042677e+00
-3.622697592e+00-3.620577097e+00-3.618669510e+00-3.616963148e+00-3.615446091e+00
-3.614106894e+00-3.612933159e+00-3.611913204e+00-3.611035109e+00-3.610286951e+00
-3.609656334e+00-3.609131813e+00-3.608700752e+00-3.608351469e+00-3.608071566e+00
-3.607849360e+00-3.607672453e+00-3.607528925e+00-3.607406378e+00-3.607293129e+00
-3.607176781e+00-3.607045412e+00-3.606886625e+00
 2.469092969e+05 2.317243281e+05 2.170212344e+05 2.028000156e+05 1.890606875e+05
 1.758032188e+05 1.630276250e+05 1.507339062e+05 1.389220625e+05 1.275920859e+05
 1.167439844e+05 1.063777656e+05 9.649341406e+04 8.709094531e+04 7.817034375e+04
 6.973161719e+04 6.177476172e+04 5.429978516e+04 4.730667969e+04 4.079544922e+04
 3.476609375e+04 2.921861133e+04 2.415300391e+04 1.956926953e+04 1.546741016e+04
 1.184742480e+04 8.709312500e+03 6.053075684e+03 3.878712158e+03 2.186223145e+03
 9.756079102e+02 2.468669128e+02 0.000000000e+00
-7.207809448e+00-6.725876808e+00-6.261002541e+00-5.813187122e+00-5.382430553e+00
-4.968732357e+00-4.572092533e+00-4.192511559e+00-3.829988956e+00-3.484525204e+00
-3.156120062e+00-2.844773293e+00-2.550485373e+00-2.273256063e+00-2.013085127e+00
-1.769973040e+00-1.543919444e+00-1.334924459e+00-1.142988205e+00-9.681103826e-01
-8.102912903e-01-6.695307493e-01-5.458288789e-01-4.391855597e-01-3.496008515e-01
-2.770747840e-01-2.216072977e-01-1.831984371e-01-1.618481725e-01-1.575565338e-01
-1.703234911e-01-2.001490593e-01-2.470332384e-01
-6.026792500e+06-5.838527500e+06-5.650262500e+06-5.461997500e+06-5.273733000e+06
-5.085468000e+06-4.897203000e+06-4.708938500e+06-4.520673500e+06-4.332408500e+06
-4.144143750e+06-3.955878750e+06-3.767614000e+06-3.579349000e+06-3.391084250e+06
-3.202819500e+06-3.014554500e+06-2.826289750e+06-2.638024750e+06-2.449760000e+06
-2.261495000e+06-2.073230250e+06-1.884965375e+06-1.696700500e+06-1.508435625e+06
-1.320170750e+06-1.131905875e+06-9.436410625e+05-7.553761875e+05-5.671113125e+05
-3.788464688e+05-1.905816250e+05-2.316757812e+03
-3.841814771e-02-4.283401743e-02-4.672214389e-02-4.957695678e-02-5.098305643e-02
-5.076683685e-02-4.905548692e-02-4.620384052e-02-4.260469973e-02-3.855838999e-02
-3.426280245e-02-2.984054759e-02-2.536270581e-02-2.086810581e-02-1.637746766e-02
-1.190179028e-02-7.445585914e-03-3.005180042e-03 1.438602223e-03 5.933542270e-03
 1.056765113e-02 1.545486879e-02 2.067768574e-02 2.622448467e-02 3.196544200e-02
 3.767840192e-02 4.312011600e-02 4.809277877e-02 5.246714875e-02 5.617867410e-02
 5.921751633e-02 6.161854416e-02 6.344276667e-02-4.465222731e-02-5.197465047e-02
-5.934587494e-02-6.468617171e-02-6.682363153e-02-6.534590572e-02-6.060234457e-02
-5.461466312e-02-4.860064760e-02-4.281911999e-02-3.726973012e-02-3.190813214e-02
-2.669172734e-02-2.158726193e-02-1.657381840e-02-1.164410450e-02-6.805091165e-03
-2.077153185e-03 2.512072679e-03 6.954112090e-03 1.137947384e-02 1.634203456e-02
 2.234145068e-02 2.944437414e-02 3.739286959e-02 4.539798573e-02 5.272947997e-02
 5.908614397e-02 6.434211880e-02 6.846957654e-02 7.152046263e-02 7.362515479e-02
 7.496876270e-02-4.885719344e-02-5.972337723e-02-7.318690419e-02-8.182567358e-02
-8.513708413e-02-8.217760921e-02-7.142733037e-02-6.110860780e-02-5.260041356e-02
-4.530788586e-02-3.876707703e-02-3.269453347e-02-2.691525593e-02-2.131948806e-02
-1.584295183e-02-1.045866404e-02-5.176995415e-03-5.404842523e-05 4.787754733e-03
 9.116007015e-03 1.257471368e-02 1.700166427e-02 2.383268066e-02 3.328254819e-02
 4.529306293e-02 5.709941685e-02 6.706982851e-02 7.514940947e-02 8.127018064e-02
 8.546637744e-02 8.793447912e-02 8.902020752e-02 8.911254257e-02-4.646009952e-02
-5.689322948e-02-7.148439437e-02-7.850962877e-02-8.238168061e-02-8.247882128e-02
-6.879074126e-02-5.916662514e-02-5.114114285e-02-4.411121830e-02-3.768498823e-02
-3.161429241e-02-2.573336102e-02-1.992972568e-02-1.412922423e-02-8.289556950e-03
-2.400465542e-03 3.508949419e-03 9.352159686e-03 1.494373474e-02 1.987476647e-02
 2.603851818e-02 3.471372649e-02 4.677391797e-02 6.194534898e-02 7.685280591e-02
 8.973527700e-02 9.989119321e-02 1.066462249e-01 1.098741367e-01 1.101427525e-01
 1.084811687e-01 1.058706716e-01-3.841399401e-02-4.514502361e-02-5.151536688e-02
-5.625912175e-02-5.847226828e-02-5.781285837e-02-5.473747104e-02-5.014855787e-02
-4.501424730e-02-3.975936025e-02-3.444666043e-02-2.905615792e-02-2.353939228e-02
-1.784020104e-02-1.190245245e-02-5.672384053e-03 9.016458644e-04 7.871950045e-03
 1.530042943e-02 2.328894474e-02 3.207826242e-02 4.225847125e-02 5.443060026e-02
 6.893285364e-02 8.585145324e-02 1.048243940e-01 1.245752573e-01 1.400902420e-01
 1.478389949e-01 1.471997201e-01 1.396733820e-01 1.309925616e-01 1.234684512e-01
-3.008838370e-02-3.472026810e-02-3.874768317e-02-4.181065410e-02-4.362162948e-02
-4.405011609e-02-4.315568134e-02-4.114387557e-02-3.827212751e-02-3.475664929e-02
-3.073004261e-02-2.625341155e-02-2.133928426e-02-1.596810855e-02-1.009724941e-02
-3.663945012e-03 3.416653955e-03 1.125784684e-02 2.001060918e-02 2.986761741e-02
 4.099478200e-02 5.356535316e-02 6.784066558e-02 8.441285044e-02 1.041038334e-01
 1.277631074e-01 1.550642103e-01 1.761733741e-01 1.849070042e-01 1.802652925e-01
 1.640465856e-01 1.484954953e-01 1.363751143e-01-2.374527231e-02-2.749162912e-02
-3.070109896e-02-3.318970278e-02-3.491670266e-02-3.580896929e-02-3.583626449e-02
-3.502326831e-02-3.342645243e-02-3.110987134e-02-2.812591009e-02-2.450425550e-02
-2.024987154e-02-1.534426771e-02-9.746314026e-03-3.390913829e-03 3.815870034e-03
 1.200702600e-02 2.137402073e-02 3.220851719e-02 4.495650157e-02 5.890243873e-02
 7.322800159e-02 8.908249438e-02 1.086864322e-01 1.326631159e-01 1.611936986e-01
 1.828856617e-01 1.917222142e-01 1.866182834e-01 1.682182848e-01 1.515824497e-01
 1.388423592e-01-1.932578906e-02-2.269091271e-02-2.563424036e-02-2.803657390e-02
-2.990761958e-02-3.119782358e-02-3.185303137e-02-3.183595091e-02-3.111776337e-02
-2.968890034e-02-2.755252458e-02-2.470119298e-02-2.111808397e-02-1.677671075e-02
-1.163829304e-02-5.649905652e-03 1.258479082e-03 9.178779088e-03 1.823095977e-02
 2.857042663e-02 4.024845734e-02 5.291913822e-02 6.641476601e-02 8.127425611e-02
 9.838310629e-02 1.185405925e-01 1.435688883e-01 1.619531661e-01 1.704135537e-01
 1.680701822e-01 1.517155617e-01 1.393291801e-01 1.298889816e-01-1.650602371e-02
-1.980773546e-02-2.278780192e-02-2.534980699e-02-2.754938975e-02-2.933206409e-02
-3.063520230e-02-3.140121326e-02-3.147957474e-02-3.081737831e-02-2.946129814e-02
-2.735818923e-02-2.446703613e-02-2.076072991e-02-1.620739885e-02-1.077561919e-02
-4.436131567e-03 2.838019747e-03 1.106631197e-02 2.024884894e-02 3.035016917e-02
 4.130294174e-02 5.304474011e-02 6.552151591e-02 7.857292891e-02 9.171126038e-02
 1.038451567e-01 1.137206405e-01 1.198486015e-01 1.218220890e-01 1.203932986e-01
 1.172338501e-01 1.136203855e-01-1.493409555e-02-1.836512052e-02-2.158960886e-02
-2.452724986e-02-2.723773010e-02-2.966859937e-02-3.175042942e-02-3.331508115e-02
-3.428121656e-02-3.456801176e-02-3.410378098e-02-3.281369433e-02-3.062694520e-02
-2.759077586e-02-2.365916595e-02-1.881644689e-02-1.307645254e-02-6.462346297e-03
 9.856312536e-04 9.206491522e-03 1.811678894e-02 2.760759182e-02 3.753775731e-02
 4.771588370e-02 5.786792561e-02 6.760834157e-02 7.646793127e-02 8.397870511e-02
 8.976291865e-02 9.368514270e-02 9.590963274e-02 9.675711393e-02 9.663798660e-02
-1.426560245e-02-1.794406399e-02-2.156950161e-02-2.509855665e-02-2.852291055e-02
-3.180279210e-02-3.476621956e-02-3.731901571e-02-3.934967890e-02-4.073556885e-02
-4.135217145e-02-4.108350724e-02-3.983607888e-02-3.755467013e-02-3.421198577e-02
-2.981539443e-02-2.450461686e-02-1.832242310e-02-1.135335024e-02-3.711356083e-03
 4.478060640e-03 1.307252795e-02 2.191023901e-02 3.080563061e-02 3.954666853e-02
 4.789942130e-02 5.562537536e-02 6.251145154e-02 6.840670109e-02 7.325445116e-02
 7.710234076e-02 7.988306880e-02 8.166545630e-02-1.412872318e-02-1.823495328e-02
-2.243192680e-02-2.670091577e-02-3.099646978e-02-3.527085483e-02-3.935161605e-02
-4.313638434e-02-4.648383334e-02-4.922327772e-02-5.116876587e-02-5.213777348e-02
-5.197312683e-02-5.056446418e-02-4.786390811e-02-4.389615357e-02-3.876053542e-02
-3.260200843e-02-2.560150996e-02-1.799848862e-02-9.939922951e-03-1.591768698e-03
 6.883734372e-03 1.532625314e-02 2.357757092e-02 3.148519620e-02 3.891005367e-02
 4.573740065e-02 5.188846588e-02 5.732900649e-02 6.207542121e-02 6.598064303e-02
 6.896726042e-02-1.411006786e-02-1.892518625e-02-2.387972549e-02-2.901721001e-02
-3.433083743e-02-3.970442712e-02-4.506704584e-02-5.029316247e-02-5.520118400e-02
-5.955976248e-02-6.310342997e-02-6.555801630e-02-6.667368859e-02-6.626044214e-02
-6.421858817e-02-6.055706367e-02-5.539440736e-02-4.894087464e-02-4.146996140e-02
-3.328488395e-02-2.467753738e-02-1.592650823e-02-7.183952257e-03 1.417472027e-03
 9.761182591e-03 1.774561033e-02 2.528536133e-02 3.231400251e-02 3.878760710e-02
 4.468854144e-02 5.003258586e-02 5.466341227e-02 5.850453302e-02-1.443601586e-02
-1.989451423e-02-2.559168637e-02-3.161214665e-02-3.788781166e-02-4.441751167e-02
-5.113644898e-02-5.790594220e-02-6.450747699e-02-7.064570487e-02-7.596472651e-02
-8.008010685e-02-8.262503147e-02-8.330383152e-02-8.194134384e-02-7.851547748e-02
-7.316353172e-02-6.616041809e-02-5.787543207e-02-4.871886969e-02-3.909070790e-02
-2.934191748e-02-1.982687227e-02-1.063395012e-02-1.831879723e-03 6.525135599e-03
 1.439482532e-02 2.174594998e-02 2.855795808e-02 3.481948003e-02 4.052065685e-02
 4.564091936e-02 5.019662529e-02-1.500113122e-02-2.089465968e-02-2.714958042e-02
-3.386455774e-02-4.098998383e-02-4.854889214e-02-5.648899823e-02-6.466696411e-02
-7.283641398e-02-8.064605296e-02-8.765471727e-02-9.336843342e-02-9.729917347e-02
-9.903735667e-02-9.832236171e-02-9.509214014e-02-8.949697763e-02-8.187340200e-02
-7.268647105e-02-6.245734543e-02-5.169451237e-02-4.084194079e-02-3.024987318e-02
-2.024392411e-02-1.082281582e-02-1.982153626e-03 6.282807328e-03 1.397692878e-02
 2.110578865e-02 2.767636813e-02 3.369806334e-02 3.918707371e-02 4.416766390e-02
-1.541103609e-02-2.156114019e-02-2.815028839e-02-3.529373184e-02-4.296233132e-02
-5.119422451e-02-5.994744226e-02-6.907896698e-02-7.832723856e-02-8.730551600e-02
-9.551461786e-02-1.023823395e-01-1.073306501e-01-1.098622456e-01-1.096476242e-01
-1.065888256e-01-1.008402258e-01-9.277995676e-02-8.294175565e-02-7.192792743e-02
-6.032675132e-02-4.865067080e-02-3.730249032e-02-2.656799369e-02-1.662070304e-02
-7.386990823e-03 1.185229165e-03 9.134088643e-03 1.648894511e-02 2.327400073e-02
 2.951095253e-02 3.522354364e-02 4.043860361e-02-1.545424853e-02-2.165306546e-02
-2.829519473e-02-3.551438078e-02-4.329042509e-02-5.166663975e-02-6.060587242e-02
-6.996822357e-02-7.949183881e-02-8.878448606e-02-9.733503312e-02-1.045525596e-01
-1.098349988e-01-1.126589254e-01-1.126711071e-01-1.097568572e-01-1.040639430e-01
-9.597479552e-02-8.603646606e-02-7.487025112e-02-6.308494508e-02-5.121138692e-02
-3.966539353e-02-2.873659506e-02-1.865088567e-02-9.315731004e-03-6.644718815e-04
 7.351968437e-03 1.477125939e-02 2.162423916e-02 2.793795057e-02 3.372055665e-02
 3.899082169e-02-1.510464214e-02-2.109827287e-02-2.749120444e-02-3.441426158e-02
-4.183165729e-02-4.978097603e-02-5.822322890e-02-6.702336669e-02-7.593391836e-02
-8.458876610e-02-9.251506627e-02-9.916991740e-02-1.040029302e-01-1.065369770e-01
-1.064501256e-01-1.036366671e-01-9.822885692e-02-9.057287872e-02-8.116700500e-02
-7.058092952e-02-5.937748030e-02-4.805279523e-02-3.700207546e-02-2.651041560e-02
-1.675454713e-02-7.670834661e-03 7.859246689e-04 8.649127558e-03 1.594514214e-02
 2.269701101e-02 2.892784588e-02 3.462335840e-02 3.978486732e-02-1.439833548e-02
-1.999788918e-02-2.589159086e-02-3.219893947e-02-3.887135535e-02-4.593009874e-02
-5.333003029e-02-6.094408780e-02-6.855203956e-02-7.583852857e-02-8.240608126e-02
-8.780729771e-02-9.159612656e-02-9.339167178e-02-9.294121712e-02-9.016643465e-02
-8.517937362e-02-7.826358825e-02-6.982644647e-02-6.033621728e-02-5.026025698e-02
-4.001619667e-02-2.994215675e-02-2.035592683e-02-1.127264183e-02-2.700296929e-03
 5.356313661e-03 1.289457921e-02 1.991416328e-02 2.641731873e-02 3.240965679e-02
 3.786367178e-02 4.277798161e-02-1.364536583e-02-1.866957918e-02-2.384375967e-02
-2.926823497e-02-3.497688100e-02-4.088740423e-02-4.695497453e-02-5.306768045e-02
-5.904219672e-02-6.462634355e-02-6.951262802e-02-7.336463779e-02-7.585541904e-02
-7.671256363e-02-7.576125115e-02-7.295460254e-02-6.838335842e-02-6.226243451e-02
-5.489778146e-02-4.664140195e-02-3.784852102e-02-2.884209901e-02-1.995298639e-02
-1.128096879e-02-2.905291971e-03 5.110205151e-03 1.271443721e-02 1.986811496e-02
 2.654336207e-02 3.272207454e-02 3.838706762e-02 4.347071424e-02 4.796607047e-02
-1.329757273e-02-1.752982475e-02-2.181508765e-02-2.623767033e-02-3.080234304e-02
-3.549884260e-02-4.018936679e-02-4.477940127e-02-4.912460595e-02-5.303423852e-02
-5.628454685e-02-5.863885581e-02-5.987397209e-02-5.980955437e-02-5.833493173e-02
-5.542718619e-02-5.115511268e-02-4.567178339e-02-3.919784725e-02-3.197624907e-02
-2.425811999e-02-1.629065908e-02-8.223473094e-03-1.907012775e-04 7.686631754e-03
 1.530041639e-02 2.255741321e-02 2.938277461e-02 3.572422266e-02 4.155638814e-02
 4.688891768e-02 5.150981992e-02 5.530728027e-02-1.356395800e-02-1.678834110e-02
-2.007818408e-02-2.346858941e-02-2.692419477e-02-3.040135093e-02-3.384536132e-02
-3.708510846e-02-4.001740366e-02-4.249759391e-02-4.436781630e-02-4.546736926e-02
-4.564859718e-02-4.479473084e-02-4.283658043e-02-3.976609930e-02-3.562101722e-02
-3.048385866e-02-2.457449771e-02-1.798857749e-02-1.085783448e-02-3.331805812e-03
 4.437586293e-03 1.229383890e-02 2.007658407e-02 2.762642875e-02 3.479427099e-02
 4.145395383e-02 4.751538485e-02 5.293409154e-02 5.771904811e-02 6.166693196e-02
 6.465669721e-02-1.391584612e-02-1.619347744e-02-1.860168017e-02-2.108677849e-02
-2.358551137e-02-2.603343129e-02-2.835981362e-02-3.048178554e-02-3.232347965e-02
-3.369815648e-02-3.450886160e-02-3.465073928e-02-3.402382135e-02-3.254308552e-02
-3.014425747e-02-2.688916214e-02-2.275889926e-02-1.777355559e-02-1.198807172e-02
-5.468213931e-03 1.700127847e-03 9.405400604e-03 1.750515960e-02 2.582022920e-02
 3.413284197e-02 4.219424725e-02 4.974615946e-02 5.655487999e-02 6.245106459e-02
 6.736358255e-02 7.132987678e-02 7.422669232e-02 7.609389722e-02-1.379563101e-02
-1.552734990e-02-1.732632890e-02-1.913794503e-02-2.090567723e-02-2.256911807e-02
-2.406302653e-02-2.531615645e-02-2.625063434e-02-2.677678317e-02-2.681058832e-02
-2.627191693e-02-2.508651093e-02-2.318950929e-02-2.052967437e-02-1.707494818e-02
-1.279580500e-02-7.670768537e-03-1.688180608e-03 5.152744241e-03 1.283415873e-02
 2.130493894e-02 3.045899235e-02 4.010808840e-02 4.995324090e-02 5.956751853e-02
 6.843359768e-02 7.604072988e-02 8.198123425e-02 8.609855920e-02 8.854300529e-02
 8.959982544e-02 8.966807276e-02-1.357843820e-02-1.497311983e-02-1.636528410e-02
-1.770999096e-02-1.895896345e-02-2.006048523e-02-2.096010372e-02-2.160083503e-02
-2.192316018e-02-2.186516486e-02-2.136451565e-02-2.035920694e-02-1.878817193e-02
-1.659179665e-02-1.371200103e-02-1.009118650e-02-5.668607075e-03-3.771597403e-04
 5.861277692e-03 1.314086746e-02 2.156784013e-02 3.123824112e-02 4.219132289e-02
 5.434156209e-02 6.740031391e-02 8.075921237e-02 9.322632104e-02 1.034873202e-01
 1.100134999e-01 1.123668998e-01 1.112962961e-01 1.084434837e-01 1.051289961e-01
-1.352633350e-02-1.472261827e-02-1.586653478e-02-1.691374555e-02-1.781890169e-02
-1.853670552e-02-1.902336068e-02-1.923684590e-02-1.913612150e-02-1.867980883e-02
-1.782490872e-02-1.652567461e-02-1.473262068e-02-1.239146758e-02-9.441643953e-03
-5.814092699e-03-1.428259886e-03 3.811436240e-03 1.002094150e-02 1.734471694e-02
 2.611269616e-02 3.665033355e-02 4.958329350e-02 6.502810121e-02 8.293181658e-02
 1.038913503e-01 1.297408044e-01 1.489041597e-01 1.580814272e-01 1.563825309e-01
 1.405754685e-01 1.287243217e-01 1.197862327e-01-1.379742287e-02-1.492961030e-02
-1.597486623e-02-1.687707379e-02-1.758340746e-02-1.804940030e-02-1.824215986e-02
-1.813940518e-02-1.772538386e-02-1.698520966e-02-1.589980721e-02-1.444303896e-02
-1.258049812e-02-1.026850007e-02-7.452229038e-03-4.062519409e-03-1.145709302e-05
 4.811637569e-03 1.053830702e-02 1.729105413e-02 2.524157241e-02 3.557138145e-02
 4.982038960e-02 6.790690869e-02 8.904459327e-02 1.143057570e-01 1.440633237e-01
 1.669091880e-01 1.767971516e-01 1.726300865e-01 1.550518870e-01 1.391914636e-01
 1.271435618e-01-1.445650682e-02-1.571700536e-02-1.686660387e-02-1.780277118e-02
-1.844211482e-02-1.873281784e-02-1.866154186e-02-1.824507676e-02-1.752014831e-02
-1.652187295e-02-1.526327524e-02-1.373860426e-02-1.192989759e-02-9.809807874e-03
-7.340999786e-03-4.471964203e-03-1.127903583e-03 2.806296339e-03 7.516629063e-03
 1.331157517e-02 2.083370276e-02 3.073077463e-02 4.375017807e-02 6.036262587e-02
 8.089890331e-02 1.058459282e-01 1.346507221e-01 1.572789103e-01 1.674295664e-01
 1.640581340e-01 1.489587873e-01 1.344239861e-01 1.232190058e-01-1.536925789e-02
-1.712499931e-02-1.877879910e-02-2.008092403e-02-2.080946043e-02-2.092929184e-02
-2.044817619e-02-1.944761723e-02-1.822232455e-02-1.690053008e-02-1.547258813e-02
-1.392594911e-02-1.224828884e-02-1.043001469e-02-8.465054445e-03-6.349957082e-03
-4.079994280e-03-1.638261019e-03 1.033266657e-03 4.122050479e-03 8.365861140e-03
 1.493580732e-02 2.509052493e-02 3.936408460e-02 5.760839209e-02 7.872513682e-02
 1.007556021e-01 1.184015200e-01 1.280456334e-01 1.290594935e-01 1.229743212e-01
 1.155680567e-01 1.091479138e-01-1.615820825e-02-1.868672483e-02-2.193655074e-02
-2.368789725e-02-2.477646247e-02-2.508282848e-02-2.270849980e-02-2.084147371e-02
-1.910239644e-02-1.749466546e-02-1.594651677e-02-1.442044880e-02-1.290219836e-02
-1.139756199e-02-9.934133850e-03-8.567279205e-03-7.392140105e-03-6.566221826e-03
-6.353230216e-03-7.214591838e-03-9.902018122e-03-1.019007619e-02-5.093255080e-03
 7.524917368e-03 2.728991583e-02 4.693631828e-02 6.339476258e-02 7.638685405e-02
 8.545628190e-02 9.060858190e-02 9.249883890e-02 9.223354608e-02 9.087481350e-02
-1.628586091e-02-1.890398934e-02-2.195545658e-02-2.402888983e-02-2.502872609e-02
-2.478064783e-02-2.300561778e-02-2.107330970e-02-1.929898933e-02-1.767643169e-02
-1.615097187e-02-1.470597181e-02-1.333300397e-02-1.204834413e-02-1.089476794e-02
-9.947959334e-03-9.330788627e-03-9.240593761e-03-1.000127941e-02-1.215094049e-02
-1.632229984e-02-1.833747141e-02-1.478736103e-02-4.994194023e-03 1.117370091e-02
 2.767479606e-02 4.117756337e-02 5.201142654e-02 6.035444140e-02 6.638760865e-02
 7.040096819e-02 7.282446325e-02 7.411347330e-02-1.551321708e-02-1.746465825e-02
-1.936938241e-02-2.082098648e-02-2.158870921e-02-2.158877067e-02-2.087740973e-02
-1.978024840e-02-1.852538250e-02-1.720586047e-02-1.586863212e-02-1.455026306e-02
-1.327254251e-02-1.206359174e-02-1.096131653e-02-1.001542062e-02-9.288720787e-03
-8.854669519e-03-8.781014942e-03-9.056587704e-03-9.301425889e-03-8.188627660e-03
-4.476344679e-03 2.125740284e-03 1.119406242e-02 2.110339515e-02 3.037466109e-02
 3.850212693e-02 4.532852769e-02 5.083678663e-02 5.509871244e-02 5.828140676e-02
 6.062281132e-02-1.465312578e-02-1.610314287e-02-1.738446765e-02-1.838313043e-02
-1.900514215e-02-1.920198090e-02-1.898549125e-02-1.841550693e-02-1.756655797e-02
-1.651186123e-02-1.532319654e-02-1.406442095e-02-1.278458443e-02-1.151884533e-02
-1.029213145e-02-9.120246395e-03-8.006017655e-03-6.928108633e-03-5.819084123e-03
-4.532003310e-03-2.813258208e-03-3.363565193e-04 3.167333314e-03 7.765077055e-03
 1.326425280e-02 1.926540397e-02 2.531681210e-02 3.105572797e-02 3.624888882e-02
 4.077394679e-02 4.459269345e-02 4.773110524e-02 5.024774373e-02
 9.736938477e-01 9.992505312e-01 1.028567314e+00 1.059018373e+00 1.092104673e+00
 1.127888560e+00 1.166785121e+00 1.208308578e+00 1.252927899e+00 1.300746441e+00
 1.352092147e+00 1.407303929e+00 1.466744661e+00 1.530905128e+00 1.600396991e+00
 1.675642014e+00 1.757344842e+00 1.842260957e+00 1.939620376e+00 2.046438456e+00
 2.165614843e+00 2.296471596e+00 2.443494081e+00 2.607620001e+00 2.790396929e+00
 3.002382755e+00 3.245771885e+00 3.528417587e+00 3.864423275e+00 4.281437397e+00
 4.825320244e+00 5.591774464e+00 8.339996338e+00
   71   96
 4.538378716e-01-4.374999925e-02 4.532929361e-01 0.000000000e+00 4.562415183e-01
 4.374999925e-02 4.630086422e-01 8.749999851e-02 4.656249881e-01 9.876158088e-02
 4.739644527e-01 1.312499940e-01 4.875000119e-01 1.682695001e-01 4.904912412e-01
 1.749999970e-01 5.093749762e-01 2.097965330e-01 5.160010457e-01 2.187500000e-01
 5.312500000e-01 2.378976345e-01 5.531250238e-01 2.561212182e-01 5.645604134e-01
 2.624999881e-01 5.749999881e-01 2.688319683e-01 5.968750119e-01 2.767450213e-01
 6.187499762e-01 2.799147367e-01 6.406250000e-01 2.792410851e-01 6.625000238e-01
 2.751260400e-01 6.843749881e-01 2.676382065e-01 6.943925619e-01 2.624999881e-01
 7.062500119e-01 2.580179274e-01 7.281249762e-01 2.470228374e-01 7.500000000e-01
 2.329560816e-01 7.677841783e-01 2.187500000e-01 7.718750238e-01 2.159826458e-01
 7.937499881e-01 1.981962174e-01 8.156250119e-01 1.766630113e-01 8.171319366e-01
 1.749999970e-01 8.374999762e-01 1.518655419e-01 8.530541062e-01 1.312499940e-01
 8.593750000e-01 1.210605875e-01 8.779876828e-01 8.749999851e-02 8.812500238e-01
 7.818970829e-02 8.928373456e-01 4.374999925e-02 8.977047801e-01 0.000000000e+00
 8.931874633e-01-4.374999925e-02 8.812500238e-01-8.008895069e-02 8.787826896e-01
-8.749999851e-02 8.593750000e-01-1.232508570e-01 8.546569347e-01-1.312499940e-01
 8.374999762e-01-1.544592679e-01 8.203020692e-01-1.749999970e-01 8.156250119e-01
-1.802670658e-01 7.937499881e-01-2.026404738e-01 7.754917741e-01-2.187500000e-01
 7.718750238e-01-2.222962230e-01 7.500000000e-01-2.412020117e-01 7.281249762e-01
-2.574380636e-01 7.200192213e-01-2.624999881e-01 7.062500119e-01-2.739732563e-01
 6.843749881e-01-2.893286049e-01 6.625000238e-01-3.023657501e-01 6.543210745e-01
-3.062500060e-01 6.406250000e-01-3.172297180e-01 6.187499762e-01-3.313101232e-01
 5.968750119e-01-3.426841795e-01 5.761568546e-01-3.499999940e-01 5.665707588e-01
-3.586107790e-01 5.569846630e-01-3.672215343e-01 5.441173315e-01-3.427354693e-01
 5.312500000e-01-3.182493746e-01 5.280359983e-01-3.062500060e-01 5.093749762e-01
-2.698436677e-01 5.069857836e-01-2.624999881e-01 4.897931516e-01-2.187500000e-01
 4.875000119e-01-2.128707021e-01 4.756178260e-01-1.749999970e-01 4.656249881e-01
-1.340755522e-01 4.650160670e-01-1.312499940e-01 4.577414989e-01-8.749999851e-02
 4.538378716e-01-4.374999925e-02
 4.402000010e-01-2.157000005e-01 4.402000010e-01 0.000000000e+00 4.402000010e-01
 4.327999949e-01 6.998999715e-01 4.327999949e-01 6.998999715e-01 4.029999971e-01
 7.649000287e-01 3.855000138e-01 7.656999826e-01 3.885999918e-01 9.552999735e-01
 3.377999961e-01 1.061599970e+00 3.377999961e-01 1.061599970e+00 2.661364079e-01
 8.206859827e-01 2.661364079e-01 8.191620708e-01 2.646123171e-01 8.191621304e-01
 2.635484338e-01 8.180886507e-01 2.624935508e-01 8.178097606e-01 2.305992693e-01
 8.188638091e-01 2.261227220e-01 8.345430493e-01 1.953541636e-01 8.366821408e-01
 1.918698996e-01 8.537555933e-01 1.692120582e-01 8.558217883e-01 1.661411524e-01
 8.703451157e-01 1.417700052e-01 8.720677495e-01 1.384914815e-01 8.838776946e-01
 1.126960069e-01 8.852357864e-01 1.092522144e-01 8.941891193e-01 8.233161271e-02
 8.956264257e-01 7.860748470e-02 9.046225548e-01 5.781485885e-02 9.061961174e-01
 5.077324435e-02 9.068898559e-01 4.660430551e-02 9.099677205e-01 1.871794648e-02
 9.099677205e-01 2.515308792e-03 9.099677205e-01 0.000000000e+00 9.099677205e-01
-2.642208943e-03 9.099677205e-01-1.871794648e-02 9.068898559e-01-4.660431668e-02
 9.061961174e-01-5.077328160e-02 9.046225548e-01-5.781487375e-02 8.956261277e-01
-7.860808820e-02 8.941888213e-01-8.233222365e-02 8.852354884e-01-1.092528254e-01
 8.838774562e-01-1.126966104e-01 8.720675111e-01-1.384920925e-01 8.703448772e-01
-1.417706162e-01 8.558214903e-01-1.661417633e-01 8.537553549e-01-1.692126691e-01
 8.366819024e-01-1.918705106e-01 8.345491290e-01-1.953424066e-01 8.188714385e-01
-2.261113226e-01 8.178095222e-01-2.305998802e-01 8.180883527e-01-2.624941468e-01
 8.191621304e-01-2.635492980e-01 8.191620708e-01-2.646123171e-01 8.206859827e-01
-2.661364079e-01 1.061599970e+00-2.661364079e-01 1.061599970e+00-3.377999961e-01
 9.552999735e-01-3.377999961e-01 8.234999776e-01-3.731999993e-01 8.208000064e-01
-3.632000089e-01 8.191999793e-01-3.571000099e-01 7.605000138e-01-3.727999926e-01
 7.577999830e-01-3.626999855e-01 7.572000027e-01-3.612000048e-01 7.563999891e-01
-3.596999943e-01 7.552999854e-01-3.585000038e-01 7.540000081e-01-3.574000001e-01
 7.529000044e-01-3.565999866e-01 7.509999871e-01-3.560000062e-01 7.494000196e-01
-3.556999862e-01 7.476999760e-01-3.556999862e-01 7.461000085e-01-3.560000062e-01
 7.020220160e-01-3.677940071e-01 7.020223737e-01-3.677938879e-01 6.941465139e-01
-3.707191050e-01 6.869515777e-01-3.750573099e-01 6.869519949e-01-3.750570118e-01
 6.293759942e-01-4.175719917e-01 6.293758154e-01-4.175721109e-01 6.232693791e-01
-4.230040014e-01 6.182460785e-01-4.294506907e-01 6.144716144e-01-4.366995990e-01
 6.120703816e-01-4.445117116e-01 6.111218929e-01-4.526292086e-01 6.116570830e-01
-4.607844055e-01 6.116570234e-01-4.607839882e-01 6.295009255e-01-5.739028454e-01
 7.028999925e-01-5.738999844e-01 7.028999925e-01-5.958999991e-01 6.021999717e-01
-5.958999991e-01 5.728999972e-01-5.794000030e-01 5.698999763e-01-5.794000030e-01
 5.698999763e-01-5.120999813e-01 5.606999993e-01-5.001000166e-01 4.683499932e-01
-4.746749997e-01 4.683499932e-01-2.962900102e-01 4.603999853e-01-2.510600090e-01
 4.402000010e-01-2.157000005e-01
    0 0.000000000e+00    0
 0.000000000e+00 1.154654995e-01 1.647984833e-01 2.038822919e-01 2.377426177e-01
 2.684490979e-01 2.967920601e-01 3.237185180e-01 3.493472040e-01 3.741909564e-01
 3.983037174e-01 4.219146073e-01 4.452202022e-01 4.682784379e-01 4.912393093e-01
 5.141463280e-01 5.370992422e-01 5.582841635e-01 5.818390250e-01 6.055252552e-01
 6.298210621e-01 6.542741656e-01 6.795994043e-01 7.054709196e-01 7.317839265e-01
 7.593446374e-01 7.879143953e-01 8.176208138e-01 8.488518000e-01 8.820711374e-01
 9.178957939e-01 9.563126564e-01 1.000000000e+00
    0
   33   33 1100305023 1000
 4.000000060e-01 1.100000024e+00-6.999999881e-01 6.999999881e-01
 3.708305938e+05-6.607117969e+04 2.621886133e+04-6.709818750e+04-3.536048750e+05
-1.741878750e+05-7.512729688e+04 4.067203750e+05 4.042788750e+05 6.903341406e+04
 6.335303906e+04-1.422683008e+04 1.529141504e+04-7.610088281e+04-7.610048438e+04
 2.848086182e+03-2.417726807e+03 9.824913330e+02
 0.000000000e+00 0.000000000e+00 0.000000000e+00 0.000000000e+00 0.000000000e+00
 0.000000000e+00 0.000000000e+00 0.000000000e+00 0.000000000e+00 0.000000000e+00
 0.000000000e+00 0.000000000e+00 0.000000000e+00 0.000000000e+00 0.000000000e+00
 0.000000000e+00 0.000000000e+00 0.000000000e+00 0.000000000e+00 0.000000000e+00
 0.000000000e+00 0.000000000e+00 0.000000000e+00 0.000000000e+00 0.000000000e+00
 0.000000000e+00 0.000000000e+00 0.000000000e+00 0.000000000e+00 0.000000000e+00
 0.000000000e+00 0.000000000e+00 0.000000000e+00 0.000000000e+00 0.000000000e+00
 0.000000000e+00 0.000000000e+00 0.000000000e+00 0.000000000e+00 0.000000000e+00
 0.000000000e+00 0.000000000e+00 0.000000000e+00 0.000000000e+00 0.000000000e+00
 0.000000000e+00 0.000000000e+00 0.000000000e+00 0.000000000e+00 0.000000000e+00
 0.000000000e+00 0.000000000e+00 0.000000000e+00 0.000000000e+00 0.000000000e+00
 0.000000000e+00 0.000000000e+00 0.000000000e+00 0.000000000e+00 0.000000000e+00
 0.000000000e+00 0.000000000e+00 0.000000000e+00 0.000000000e+00 0.000000000e+00
 0.000000000e+00 0.000000000e+00 0.000000000e+00 0.000000000e+00 0.000000000e+00
 0.000000000e+00 0.000000000e+00 0.000000000e+00 0.000000000e+00 0.000000000e+00
 0.000000000e+00 0.000000000e+00 0.000000000e+00 0.000000000e+00 0.000000000e+00
 0.000000000e+00 0.000000000e+00 0.000000000e+00 0.000000000e+00 0.000000000e+00
 0.000000000e+00 0.000000000e+00 0.000000000e+00 0.000000000e+00 0.000000000e+00
 0.000000000e+00 0.000000000e+00 0.000000000e+00 0.000000000e+00 0.000000000e+00
 0.000000000e+00 0.000000000e+00 0.000000000e+00 0.000000000e+00 0.000000000e+00
 0.000000000e+00 0.000000000e+00 0.000000000e+00 0.000000000e+00 0.000000000e+00
 0.000000000e+00 0.000000000e+00 0.000000000e+00 0.000000000e+00 0.000000000e+00
 0.000000000e+00 0.000000000e+00 0.000000000e+00 0.000000000e+00 0.000000000e+00
 0.000000000e+00 0.000000000e+00 0.000000000e+00 0.000000000e+00 0.000000000e+00
 0.000000000e+00 0.000000000e+00 0.000000000e+00 0.000000000e+00 0.000000000e+00
 0.000000000e+00 0.000000000e+00 0.000000000e+00 0.000000000e+00 0.000000000e+00
 0.000000000e+00 0.000000000e+00 0.000000000e+00 0.000000000e+00 0.000000000e+00
 0.000000000e+00 0.000000000e+00 0.000000000e+00 0.000000000e+00 0.000000000e+00
 0.000000000e+00 0.000000000e+00 0.000000000e+00 0.000000000e+00 0.000000000e+00
 0.000000000e+00 0.000000000e+00 0.000000000e+00 0.000000000e+00 0.000000000e+00
 0.000000000e+00 0.000000000e+00 0.000000000e+00 0.000000000e+00 0.000000000e+00
 0.000000000e+00 0.000000000e+00 0.000000000e+00 0.000000000e+00 0.000000000e+00
 0.000000000e+00 0.000000000e+00 0.000000000e+00 0.000000000e+00 0.000000000e+00
 0.000000000e+00 0.000000000e+00 0.000000000e+00 0.000000000e+00 0.000000000e+00
 0.000000000e+00 0.000000000e+00 0.000000000e+00 0.000000000e+00 0.000000000e+00
 0.000000000e+00 0.000000000e+00 0.000000000e+00 0.000000000e+00 0.000000000e+00
 0.000000000e+00 0.000000000e+00 0.000000000e+00 0.000000000e+00 0.000000000e+00
 0.000000000e+00 0.000000000e+00 0.000000000e+00 0.000000000e+00 0.000000000e+00
 0.000000000e+00 0.000000000e+00 0.000000000e+00 0.000000000e+00 0.000000000e+00
 0.000000000e+00 0.000000000e+00 0.000000000e+00 0.000000000e+00 0.000000000e+00
 0.000000000e+00 0.000000000e+00 0.000000000e+00 0.000000000e+00 0.000000000e+00
 0.000000000e+00 0.000000000e+00 0.000000000e+00 0.000000000e+00 0.000000000e+00
 0.000000000e+00 0.000000000e+00 0.000000000e+00 0.000000000e+00 0.000000000e+00
 0.000000000e+00 0.000000000e+00 0.000000000e+00 0.000000000e+00 0.000000000e+00
 0.000000000e+00 0.000000000e+00 0.000000000e+00 0.000000000e+00 0.000000000e+00
 0.000000000e+00 0.000000000e+00 0.000000000e+00 0.000000000e+00 0.000000000e+00
 0.000000000e+00 0.000000000e+00 0.000000000e+00 0.000000000e+00 0.000000000e+00
 0.000000000e+00 0.000000000e+00 0.000000000e+00 0.000000000e+00 0.000000000e+00
 0.000000000e+00 0.000000000e+00 0.000000000e+00 0.000000000e+00 0.000000000e+00
 0.000000000e+00 0.000000000e+00 0.000000000e+00 0.000000000e+00 0.000000000e+00
 0.000000000e+00 0.000000000e+00 0.000000000e+00 0.000000000e+00 0.000000000e+00
 0.000000000e+00 0.000000000e+00 0.000000000e+00 0.000000000e+00 0.000000000e+00
 0.000000000e+00 0.000000000e+00 0.000000000e+00 0.000000000e+00 0.000000000e+00
 0.000000000e+00 0.000000000e+00 0.000000000e+00 0.000000000e+00 0.000000000e+00
 0.000000000e+00-3.425363464e+02-3.310905762e+02 0.000000000e+00 0.000000000e+00
 0.000000000e+00 0.000000000e+00 0.000000000e+00 0.000000000e+00 0.000000000e+00
 0.000000000e+00 0.000000000e+00 0.000000000e+00 0.000000000e+00 0.000000000e+00
 0.000000000e+00 0.000000000e+00 0.000000000e+00 0.000000000e+00 0.000000000e+00
 0.000000000e+00 0.000000000e+00 0.000000000e+00 0.000000000e+00 0.000000000e+00
 0.000000000e+00 0.000000000e+00 0.000000000e+00 0.000000000e+00 0.000000000e+00
 0.000000000e+00 0.000000000e+00 0.000000000e+00-3.587998962e+02-3.677325439e+02
-3.802292480e+02-3.830797729e+02-3.675926514e+02-3.302182007e+02 0.000000000e+00
 0.000000000e+00 0.000000000e+00 0.000000000e+00 0.000000000e+00 0.000000000e+00
 0.000000000e+00 0.000000000e+00 0.000000000e+00 0.000000000e+00 0.000000000e+00
 0.000000000e+00 0.000000000e+00 0.000000000e+00 0.000000000e+00 0.000000000e+00
 0.000000000e+00 0.000000000e+00 0.000000000e+00 0.000000000e+00 0.000000000e+00
 0.000000000e+00 0.000000000e+00 0.000000000e+00 0.000000000e+00 0.000000000e+00
-3.728958740e+02-4.006416626e+02-4.630557251e+02-5.381909180e+02-6.044666748e+02
-6.427213745e+02-6.388632812e+02-5.866768799e+02-4.899272156e+02-3.618558350e+02
 0.000000000e+00 0.000000000e+00 0.000000000e+00 0.000000000e+00 0.000000000e+00
 0.000000000e+00 0.000000000e+00 0.000000000e+00 0.000000000e+00 0.000000000e+00
 0.000000000e+00 0.000000000e+00 0.000000000e+00 0.000000000e+00 0.000000000e+00
 0.000000000e+00 0.000000000e+00 0.000000000e+00 0.000000000e+00 0.000000000e+00
 0.000000000e+00 0.000000000e+00 0.000000000e+00-4.157745056e+02-5.294014282e+02
-7.039803467e+02-9.106807251e+02-1.115985352e+03-1.284364380e+03-1.383180664e+03
-1.388883423e+03-1.292708130e+03-1.103750610e+03-8.482908325e+02-5.650555420e+02
-2.966196899e+02 0.000000000e+00 0.000000000e+00 0.000000000e+00 0.000000000e+00
 0.000000000e+00 0.000000000e+00 0.000000000e+00 0.000000000e+00 0.000000000e+00
 0.000000000e+00 0.000000000e+00 0.000000000e+00 0.000000000e+00 0.000000000e+00
 0.000000000e+00 0.000000000e+00 0.000000000e+00 0.000000000e+00 0.000000000e+00
-4.075958862e+02-5.386503906e+02-7.993859253e+02-1.166234985e+03-1.603480225e+03
-2.061707764e+03-2.480431641e+03-2.795736328e+03-2.952123535e+03-2.915564209e+03
-2.683245850e+03-2.285946045e+03-1.781470459e+03-1.241169067e+03-7.345880127e+02
-3.168010254e+02 0.000000000e+00 0.000000000e+00 0.000000000e+00 0.000000000e+00
 0.000000000e+00 0.000000000e+00 0.000000000e+00 0.000000000e+00 0.000000000e+00
 0.000000000e+00 0.000000000e+00 0.000000000e+00 0.000000000e+00 0.000000000e+00
 0.000000000e+00 0.000000000e+00-4.044385071e+02-4.791651001e+02-7.526016846e+02
-1.218668457e+03-1.858368774e+03-2.631241943e+03-3.469773193e+03-4.280164062e+03
-4.952442871e+03-5.380187012e+03-5.485548828e+03-5.241113281e+03-4.679479004e+03
-3.885764404e+03-2.975601074e+03-2.067253174e+03-1.257698608e+03-6.090999146e+02
 0.000000000e+00 0.000000000e+00 0.000000000e+00 0.000000000e+00 0.000000000e+00
 0.000000000e+00 0.000000000e+00 0.000000000e+00 0.000000000e+00 0.000000000e+00
 0.000000000e+00 0.000000000e+00 0.000000000e+00 0.000000000e+00 0.000000000e+00
-4.124341736e+02-5.831193848e+02-1.010405212e+03-1.701263794e+03-2.645683105e+03
-3.802616699e+03-5.088478027e+03-6.373948242e+03-7.495224609e+03-8.282233398e+03
-8.598682617e+03-8.380627930e+03-7.657350098e+03-6.544441895e+03-5.211501465e+03
-3.838102783e+03-2.574875977e+03-1.521035645e+03-7.204907227e+02 0.000000000e+00
 0.000000000e+00 0.000000000e+00 0.000000000e+00 0.000000000e+00 0.000000000e+00
 0.000000000e+00 0.000000000e+00 0.000000000e+00 0.000000000e+00 0.000000000e+00
 0.000000000e+00 0.000000000e+00 0.000000000e+00-4.284842224e+02-6.689386597e+02
-1.209205322e+03-2.068101318e+03-3.245111084e+03-4.701915527e+03-6.345558105e+03
-8.020952637e+03-9.521758789e+03-1.062462207e+04-1.114161230e+04-1.097373242e+04
-1.014288867e+04-8.786925781e+03-7.119291992e+03-5.371183105e+03-3.739282471e+03
-2.355074707e+03-1.278989868e+03-5.126478882e+02 0.000000000e+00 0.000000000e+00
 0.000000000e+00 0.000000000e+00 0.000000000e+00 0.000000000e+00 0.000000000e+00
 0.000000000e+00 0.000000000e+00 0.000000000e+00 0.000000000e+00 0.000000000e+00
 0.000000000e+00-4.315043640e+02-6.839050903e+02-1.245867188e+03-2.140051514e+03
-3.369680908e+03-4.898960449e+03-6.634673828e+03-8.417086914e+03-1.002999609e+04
-1.123579883e+04-1.183081250e+04-1.170300684e+04-1.086791211e+04-9.465450195e+03
-7.718507324e+03-5.871753906e+03-4.135489258e+03-2.652021729e+03-1.488538940e+03
-6.495397949e+02 0.000000000e+00 0.000000000e+00 0.000000000e+00 0.000000000e+00
 0.000000000e+00 0.000000000e+00 0.000000000e+00 0.000000000e+00 0.000000000e+00
 0.000000000e+00 0.000000000e+00 0.000000000e+00 0.000000000e+00-4.171781311e+02
-6.158222656e+02-1.095411255e+03-1.872275635e+03-2.945364258e+03-4.279446289e+03
-5.789850586e+03-7.335571289e+03-8.728756836e+03-9.765091797e+03-1.027070020e+04
-1.015061719e+04-9.418754883e+03-8.195200195e+03-6.671448730e+03-5.058767578e+03
-3.540255127e+03-2.241430664e+03-1.223133179e+03-4.913236389e+02 0.000000000e+00
 0.000000000e+00 0.000000000e+00 0.000000000e+00 0.000000000e+00 0.000000000e+00
 0.000000000e+00 0.000000000e+00 0.000000000e+00 0.000000000e+00 0.000000000e+00
 0.000000000e+00 0.000000000e+00-4.043898621e+02-5.056286316e+02-8.339596558e+02
-1.393881958e+03-2.176306885e+03-3.146777100e+03-4.235778809e+03-5.335759277e+03
-6.309756836e+03-7.013803711e+03-7.329344238e+03-7.195380859e+03-6.627368652e+03
-5.714096191e+03-4.593370117e+03-3.416540527e+03-2.315355713e+03-1.381104004e+03
-6.588603516e+02 0.000000000e+00 0.000000000e+00 0.000000000e+00 0.000000000e+00
 0.000000000e+00 0.000000000e+00 0.000000000e+00 0.000000000e+00 0.000000000e+00
 0.000000000e+00 0.000000000e+00 0.000000000e+00 0.000000000e+00 0.000000000e+00
 0.000000000e+00-4.154695435e+02-5.800213623e+02-9.068938599e+02-1.380938965e+03
-1.971220703e+03-2.626214600e+03-3.273764160e+03-3.827992676e+03-4.203552246e+03
-4.334387695e+03-4.191089355e+03-3.790013916e+03-3.189995361e+03-2.477570312e+03
-1.746253052e+03-1.077097534e+03-5.264043579e+02 0.000000000e+00 0.000000000e+00
 0.000000000e+00 0.000000000e+00 0.000000000e+00 0.000000000e+00 0.000000000e+00
 0.000000000e+00 0.000000000e+00 0.000000000e+00 0.000000000e+00 0.000000000e+00
 0.000000000e+00 0.000000000e+00 0.000000000e+00 0.000000000e+00 0.000000000e+00
-4.182462158e+02-5.564898682e+02-7.852785034e+02-1.079736328e+03-1.404976318e+03
-1.717260620e+03-1.968752686e+03-2.115499023e+03-2.126859131e+03-1.993409790e+03
-1.730268311e+03-1.374161865e+03-9.753555298e+02-5.869234009e+02-2.535910187e+02
 0.000000000e+00 0.000000000e+00 0.000000000e+00 0.000000000e+00 0.000000000e+00
 0.000000000e+00 0.000000000e+00 0.000000000e+00 0.000000000e+00 0.000000000e+00
 0.000000000e+00 0.000000000e+00 0.000000000e+00 0.000000000e+00 0.000000000e+00
 0.000000000e+00 0.000000000e+00 0.000000000e+00 0.000000000e+00-3.827013855e+02
-4.522143250e+02-5.593398438e+02-6.818659668e+02-7.950237427e+02-8.743317261e+02
-8.996039429e+02-8.592163086e+02-7.533198242e+02-5.947987671e+02-4.062881165e+02
 0.000000000e+00 0.000000000e+00 0.000000000e+00 0.000000000e+00 0.000000000e+00
 0.000000000e+00 0.000000000e+00 0.000000000e+00 0.000000000e+00 0.000000000e+00
 0.000000000e+00 0.000000000e+00 0.000000000e+00 0.000000000e+00 0.000000000e+00
 0.000000000e+00 0.000000000e+00 0.000000000e+00 0.000000000e+00 0.000000000e+00
 0.000000000e+00 0.000000000e+00 0.000000000e+00 0.000000000e+00-3.415384216e+02
-3.592967529e+02-3.745045166e+02-3.754073181e+02-3.537825012e+02-3.067087402e+02
 0.000000000e+00 0.000000000e+00 0.000000000e+00 0.000000000e+00 0.000000000e+00
 0.000000000e+00 0.000000000e+00 0.000000000e+00 0.000000000e+00 0.000000000e+00
 0.000000000e+00 0.000000000e+00 0.000000000e+00 0.000000000e+00 0.000000000e+00
 0.000000000e+00 0.000000000e+00 0.000000000e+00 0.000000000e+00 0.000000000e+00
 0.000000000e+00 0.000000000e+00 0.000000000e+00 0.000000000e+00 0.000000000e+00
 0.000000000e+00 0.000000000e+00 0.000000000e+00 0.000000000e+00 0.000000000e+00
 0.000000000e+00 0.000000000e+00 0.000000000e+00 0.000000000e+00 0.000000000e+00
 0.000000000e+00 0.000000000e+00 0.000000000e+00 0.000000000e+00 0.000000000e+00
 0.000000000e+00 0.000000000e+00 0.000000000e+00 0.000000000e+00 0.000000000e+00
 0.000000000e+00 0.000000000e+00 0.000000000e+00 0.000000000e+00 0.000000000e+00
 0.000000000e+00 0.000000000e+00 0.000000000e+00 0.000000000e+00 0.000000000e+00
 0.000000000e+00 0.000000000e+00 0.000000000e+00 0.000000000e+00 0.000000000e+00
 0.000000000e+00 0.000000000e+00 0.000000000e+00 0.000000000e+00 0.000000000e+00
 0.000000000e+00 0.000000000e+00 0.000000000e+00 0.000000000e+00 0.000000000e+00
 0.000000000e+00 0.000000000e+00 0.000000000e+00 0.000000000e+00 0.000000000e+00
 0.000000000e+00 0.000000000e+00 0.000000000e+00 0.000000000e+00 0.000000000e+00
 0.000000000e+00 0.000000000e+00 0.000000000e+00 0.000000000e+00 0.000000000e+00
 0.000000000e+00 0.000000000e+00 0.000000000e+00 0.000000000e+00 0.000000000e+00
 0.000000000e+00 0.000000000e+00 0.000000000e+00 0.000000000e+00 0.000000000e+00
 0.000000000e+00 0.000000000e+00 0.000000000e+00 0.000000000e+00 0.000000000e+00
 0.000000000e+00 0.000000000e+00 0.000000000e+00 0.000000000e+00 0.000000000e+00
 0.000000000e+00 0.000000000e+00 0.000000000e+00 0.000000000e+00 0.000000000e+00
 0.000000000e+00 0.000000000e+00 0.000000000e+00 0.000000000e+00 0.000000000e+00
 0.000000000e+00 0.000000000e+00 0.000000000e+00 0.000000000e+00 0.000000000e+00
 0.000000000e+00 0.000000000e+00 0.000000000e+00 0.000000000e+00 0.000000000e+00
 0.000000000e+00 0.000000000e+00 0.000000000e+00 0.000000000e+00 0.000000000e+00
 0.000000000e+00 0.000000000e+00 0.000000000e+00 0.000000000e+00 0.000000000e+00
 0.000000000e+00 0.000000000e+00 0.000000000e+00 0.000000000e+00 0.000000000e+00
 0.000000000e+00 0.000000000e+00 0.000000000e+00 0.000000000e+00 0.000000000e+00
 0.000000000e+00 0.000000000e+00 0.000000000e+00 0.000000000e+00 0.000000000e+00
 0.000000000e+00 0.000000000e+00 0.000000000e+00 0.000000000e+00 0.000000000e+00
 0.000000000e+00 0.000000000e+00 0.000000000e+00 0.000000000e+00 0.000000000e+00
 0.000000000e+00 0.000000000e+00 0.000000000e+00 0.000000000e+00 0.000000000e+00
 0.000000000e+00 0.000000000e+00 0.000000000e+00 0.000000000e+00 0.000000000e+00
 0.000000000e+00 0.000000000e+00 0.000000000e+00 0.000000000e+00 0.000000000e+00
 0.000000000e+00 0.000000000e+00 0.000000000e+00 0.000000000e+00 0.000000000e+00
 0.000000000e+00 0.000000000e+00 0.000000000e+00 0.000000000e+00 0.000000000e+00
 0.000000000e+00 0.000000000e+00 0.000000000e+00 0.000000000e+00 0.000000000e+00
 0.000000000e+00 0.000000000e+00 0.000000000e+00 0.000000000e+00 0.000000000e+00
 0.000000000e+00 0.000000000e+00 0.000000000e+00 0.000000000e+00 0.000000000e+00
 0.000000000e+00 0.000000000e+00 0.000000000e+00 0.000000000e+00 0.000000000e+00
 0.000000000e+00 0.000000000e+00 0.000000000e+00 0.000000000e+00 0.000000000e+00
 0.000000000e+00 0.000000000e+00 0.000000000e+00 0.000000000e+00 0.000000000e+00
 0.000000000e+00 0.000000000e+00 0.000000000e+00 0.000000000e+00 0.000000000e+00
 0.000000000e+00 0.000000000e+00 0.000000000e+00 0.000000000e+00 0.000000000e+00
 0.000000000e+00 0.000000000e+00 0.000000000e+00 0.000000000e+00 0.000000000e+00
 0.000000000e+00 0.000000000e+00 0.000000000e+00 0.000000000e+00 0.000000000e+00
 0.000000000e+00 0.000000000e+00 0.000000000e+00 0.000000000e+00 0.000000000e+00
 0.000000000e+00 0.000000000e+00 0.000000000e+00 0.000000000e+00 0.000000000e+00
 0.000000000e+00 0.000000000e+00 0.000000000e+00 0.000000000e+00 0.000000000e+00
 0.000000000e+00 0.000000000e+00 0.000000000e+00 0.000000000e+00 0.000000000e+00
 0.000000000e+00 0.000000000e+00 0.000000000e+00 0.000000000e+00 0.000000000e+00
 0.000000000e+00 0.000000000e+00 0.000000000e+00 0.000000000e+00 0.000000000e+00
 0.000000000e+00 0.000000000e+00 0.000000000e+00 0.000000000e+00 0.000000000e+00
 0.000000000e+00 0.000000000e+00 0.000000000e+00 0.000000000e+00 0.000000000e+00
 0.000000000e+00 0.000000000e+00 0.000000000e+00 0.000000000e+00 0.000000000e+00
 0.000000000e+00 0.000000000e+00 0.000000000e+00 0.000000000e+00 0.000000000e+00
 0.000000000e+00 0.000000000e+00 0.000000000e+00 0.000000000e+00 0.000000000e+00
 0.000000000e+00 0.000000000e+00 0.000000000e+00 0.000000000e+00 0.000000000e+00
 0.000000000e+00 0.000000000e+00 0.000000000e+00 0.000000000e+00 0.000000000e+00
 0.000000000e+00 0.000000000e+00 0.000000000e+00 0.000000000e+00 0.000000000e+00
 0.000000000e+00 0.000000000e+00 0.000000000e+00 0.000000000e+00 0.000000000e+00
 0.000000000e+00 0.000000000e+00 0.000000000e+00 0.000000000e+00 0.000000000e+00
 0.000000000e+00 0.000000000e+00 0.000000000e+00 0.000000000e+00 0.000000000e+00
 0.000000000e+00 0.000000000e+00 0.000000000e+00 0.000000000e+00 0.000000000e+00
 0.000000000e+00 0.000000000e+00 0.000000000e+00 0.000000000e+00 0.000000000e+00
 0.000000000e+00 0.000000000e+00 0.000000000e+00 0.000000000e+00 0.000000000e+00
 0.000000000e+00 0.000000000e+00 0.000000000e+00 0.000000000e+00 0.000000000e+00
 0.000000000e+00 0.000000000e+00 0.000000000e+00 0.000000000e+00 0.000000000e+00
 0.000000000e+00 0.000000000e+00 0.000000000e+00 0.000000000e+00
 001012 4-Nov-2008 13:07:461100305023.01000    
